# From Risa 2016-09-15
# r_mag  n/deg^2 < mag
15.0847 0.5409
15.2542 1.2643
15.4237 2.1987
15.5932 3.3091
15.7627 4.7951
15.9322 6.6734
16.1017 8.8731
16.2712 11.5183
16.4407 14.8179
16.6102 18.9331
16.7797 24.2617
16.9492 30.7951
17.1186 38.9343
17.2881 49.1332
17.4576 62.1014
17.6271 78.1369
17.7966 97.9960
17.9661 122.4168
18.1356 152.3359
18.3051 189.1533
18.4746 234.1089
18.6441 288.9250
18.8136 354.6741
18.9831 434.0649
19.1525 529.3269
19.3220 643.2091
19.4915 778.2200
19.6610 939.8791
19.8305 1130.0711
20.0000 1353.8254
20.1695 1613.6039
20.3390 1915.4403
20.5085 2264.5529
20.6780 2666.0306
20.8475 3127.1186
21.0169 3653.4582
21.1864 4254.8369
21.3559 4938.5647
21.5254 5715.1043
21.6949 6594.4608
21.8644 7589.5864
22.0339 8715.0722
22.2034 9986.2050
22.3729 11418.9537
22.5424 13036.5900
22.7119 14861.1825
22.8814 16917.5087
23.0508 19227.2805
23.2203 21816.1462
23.3898 24709.0066
23.5593 27937.0316
23.7288 31509.8160
23.8983 35447.7156
24.0678 39766.2810
24.2373 44475.0522
24.4068 49587.2361
24.5763 55104.3087
24.7458 61037.5246
24.9153 67382.0779
