# Num  RA_LSB  DEC_LSB  g_3  r_3  z_3  sbg_1.5  sbr_1.5 InCosmos?
   1    148.92931      2.70510  21.649  21.236  20.964  23.660  23.242  22.965
   2    148.97391      1.45410  21.285  20.977  20.804  23.422  23.106  22.888
   3    148.97479      2.56000  22.535  22.004  21.642  24.586  24.033  23.560
   4    149.07539      1.83310  21.373  20.848  20.482  23.368  22.873  22.444
   5    149.16141      2.69000  21.760  21.178  20.717  23.650  23.065  22.599
   6    149.16821      2.28872  22.418  21.905  21.483  24.524  24.077  23.589
   7    149.30060      2.82020  22.002  21.744  21.536  24.054  23.717  23.575
   8    149.30380      1.18680  22.194  21.874  21.638  24.323  23.873  23.665
   9    149.30490      2.16960  22.608  22.360  22.139  24.387  24.136  23.909
  10    149.33771      1.45840  21.517  21.326  21.057  23.581  23.434  23.110 Y
  11    149.37711      1.02110  23.373  22.534  21.470  25.290  24.480  23.319
  12    149.52444      1.51372  21.750  21.282  21.000  23.877  23.413  23.174 Y
  13    149.62120      1.69410  21.747  21.467  21.348  23.867  23.557  23.444 Y
  14    149.64500      3.00150  22.213  21.857  21.640  24.235  23.876  23.612
  15    149.65273      2.99134  22.925  22.632  22.533  24.790  24.554  24.403
  16    149.69521      2.34740  21.258  20.789  20.503  23.319  22.847  22.514 Y
  17    149.70079      2.25659  25.602  24.357  24.004  27.374  26.271 -27.763 Y
  18    149.77499      2.29946  21.973  21.374  20.879  23.924  23.261  22.768 Y
  19    149.80569      1.30430  22.750  22.363  22.234  24.583  24.211  23.962
  20    149.83920      1.97990  21.875  21.435  21.140  23.765  23.349  23.070 Y
  21    149.88300      1.05320  23.329  22.220  21.615  25.188  23.995  23.287
  22    149.90289      2.27840  22.510  21.966  21.689  24.532  23.964  23.639 Y
  23    150.01691      1.61285  22.730  22.365  22.180  24.996  24.653  24.478 Y
  24    150.01849      2.75990  21.176  20.687  20.357  23.163  22.670  22.316 Y
  25    150.02409      1.91110  20.056  19.685  19.445  22.075  21.701  21.472 Y
  26    150.39120      2.22460  24.030  23.903  23.437  25.813  25.634  25.141 Y
  27    150.39420      2.41990  23.592  23.309  22.438  25.410  25.213  24.204 Y
  28    150.40363      3.01518  24.248  23.768  23.511  26.552  26.003  25.961
  29    150.40880      2.80530  21.780  21.413  21.173  23.579  23.236  22.942 Y
  30    150.43291      3.18250  21.369  21.006  20.798  23.320  22.923  22.723
  31    150.44591      1.28180  24.036  22.368  20.899  25.982  24.223  22.629
  32    150.45351      2.44170  21.202  20.673  20.294  23.194  22.642  22.259 Y
  33    150.59470      2.42230  21.588  21.081  20.643  23.570  23.077  22.679 Y
  34    150.59891      2.67440  20.588  20.238  19.985  22.467  22.110  21.803 Y
  35    150.60921      2.60760  22.391  21.980  21.655  24.233  23.819  23.409 Y
  36    150.65520      1.01500  22.188  21.629  21.375  24.080  23.487  23.362
  37    150.69498      1.61417  20.672  20.363  20.151  22.734  22.416  22.220 Y
  38    150.73511      2.57810  20.917  20.442  20.048  22.932  22.471  22.049 Y
  39    150.75670      2.70670  22.931  22.494  22.159  24.736  24.426  23.861 Y
  40    150.76910      1.26970  21.624  21.035  20.658  23.551  22.928  22.529
  41    150.77570      2.11050  21.042  20.442  20.079  22.982  22.358  21.983 Y
  42    150.81462      2.09552  20.182  19.928  19.784  22.248  21.991  21.850 Y
  43    150.82390      2.62310  21.108  20.623  20.221  23.073  22.559  22.107 Y
  44    150.85699      2.39940  21.842  21.494  21.280  23.815  23.442  23.243 Y
  45    150.99229      1.39030  23.794  23.147  22.642  25.593  25.197  24.448
  46    151.00980      1.47550  23.665  23.148  22.899  25.642  25.219  25.017
  47    151.03590      2.81290  21.822  21.415  21.085  23.812  23.400  23.128
  48    151.04802      2.47764  23.724  23.217  22.992  26.004  25.472  25.032
  49    151.05002      2.74230  23.027  22.387  22.192  24.996  24.373  24.252
  50    151.10400      2.55900  21.007  20.700  20.529  23.157  22.833  22.611
  51    151.32480      1.00140  23.651  23.458  23.052  25.655  25.355  25.840
  52    151.42661      1.05080  22.211  21.877  21.649  24.209  23.809  23.623
  53    151.63690      1.02690  22.702  22.321  22.071  24.607  24.213  24.173
